[[0, 0], [1.8828559354205316, 1.6740980031861663],
 [2.453771672682513, 0.9192057909368125],
 [-0.08006958873369108, 0.9309142808683875],
 [-1.981375468798934, 1.6997542135660395],
 [2.8983399820072266, 1.754706330075246],
 [-1.0157497860774802, 1.7844953983525083],
 [-0.041327093018423175, 1.859821072918417],
 [-2.635826635908113, 2.459448745674209],
 [1.1840849599194552, 0.9533365894671678],
 [0.938618418204714, 1.8808237528024696],
 [-2.6430363081170642, 0.9889498170118858],
 [-0.671426289421585, 2.690194879223835],
 [1.8234848055118855, 2.6023570511235614],
 [-1.3993721741625698, 0.925363613187331]]

manually update!
[[0, 0], [1.8828559354205316, 1.6740980031861663],
 [2.453771672682513, 0.9202057909368125],
 [-0.08006958873369108, 0.9309142808683875],
 [-1.981375468798934, 1.6997542135660395],
 [2.8983399820072266, 1.754706330075246],
 [-1.0157497860774802, 1.7844953983525083],
 [-0.041327093018423175, 1.859821072918417],
 [-2.635826635908113, 2.459448745674209],
 [1.1840849599194552, 0.9533365894671678],
 [0.938618418204714, 1.8808237528024696],
 [-2.6430363081170642, 0.9889498170118858],
 [-0.671426289421585, 2.690194879223835],
 [1.8234848055118855, 2.6023570511235614],
 [-1.3993721741625698, 0.925363613187331]]


pairly adjustment algorithm

< 0.935 = 0
< 0.936 = 1
< 0.937 = 27

[[1.411180816485415, 0.49534803035303965],
 [0.9464181717123712, 2.104483560505197],
 [1.611626813636633, 1.4197120936736451],
 [-0.39573862161801066, 0.7127657475183187],
 [-2.8209499992508347, 1.4335909320101337],
 [2.094199738671678, 2.2406926486534804],
 [-1.8719311957873224, 1.3326284122511078],
 [-0.9439722656080541, 1.5238292618320366],
 [-2.893643256956876, 2.367371219533181],
 [0.5836195369079155, 1.2359188963532435],
 [-0.07643619957209737, 1.9122599973731895],
 [2.5408351880219495, 1.0809957209434506],
 [-1.6036595203865058, 2.2342505765480554],
 [0.08142100466686049, 2.977847884005375],
 [-2.519411405021654, 0.5256618599139278]]

change coordinates

[[0, 0],
 [-1.9957812543213367, 2.585905329597371],
 [-2.1107142972446513, 0.9360910544722837],
 [-1.555276802267459, 1.7132346770169016],
 [2.814801433511691, 2.2806774210440413],
 [0.3282709102261562, 1.866935084357819],
 [-0.942921756000384, 0.9788926783021215],
 [1.310599226770742, 1.867010245900312],
 [2.197153717752136, 1.5326365131562578],
 [0.2247687116588309, 0.9360094834533486],
 [-2.57989415826695, 1.7612540951983677],
 [3.052043722019672, 1.0677690536768047],
 [-0.668095726139525, 2.184393301904852],
 [1.4141641640276268, 0.9360685410125945],
 [0.8194058862048884, 2.748029735537076]]

better results!

< 0.936 = 0
< 0.937 = 28
[[-0.02988554732971154, 2.862958875667607],
 [2.582457589751198, 1.8306886561950604],
 [-0.46802552592615304, 1.9567777760757157],
 [-1.180131966087367, 1.3324984732114047],
 [1.8063677797088462, 1.2927733197050257],
 [0.554544691538944, 1.9796130583297094],
 [-0.3402180249022451, 0.6834015747709349],
 [-2.4233302020215994, 1.603717658341448],
 [-1.984963035921147, 0.6428932671240727],
 [1.8806429841292043, 0.35750436014663917],
 [1.6246749594449215, 2.258664784342795],
 [0.8135308275700758, 1.0771090812952566],
 [3.0827001530932625, 1.0268886434841866],
 [-1.5210120815727979, 2.212046094627569],
 [-2.8407327023417084, 2.472279373113774]]

even better!

< 0.93640 = 0
< 0.93700 = 30

[[2.230153511449144, 1.5314478277403463],
 [2.073629352662376, 0.6035421202197195],
 [-2.2330888626160723, 1.4440098767398633],
 [2.1666572291524333, 2.466375115480213],
 [-2.163819962976342, 0.5087679998845215],
 [-1.2924879379268581, 1.22280521148631],
 [-2.9556085574063324, 2.0705573664071757],
 [-0.737977395448417, 1.9878687132723478],
 [3.118576921104968, 1.1559002685763478],
 [-0.26528444869469264, 0.8938893043313942],
 [0.20423184319288962, 1.7223962670329955],
 [-1.7931374050511977, 2.513847605480318],
 [1.1512923404255322, 1.9458554391020186],
 [0.8791462373849478, 1.0466798534378943],
 [0.24969883081177766, 2.6583208167168975]]

< 0.93650 = 0

[[2.1722404635401533, 1.5728784960788857],
 [2.0168599584725264, 0.645403865218881],
 [-2.296197129374776, 1.4282122760446458],
 [2.1131053022949557, 2.5081045319239705],
 [-2.2916196385259924, 0.4917001554703693],
 [-1.3541617139270496, 1.1821817493735376],
 [-2.991237110204003, 2.0838438027999326],
 [-0.8011458999440738, 1.9479421065351679],
 [3.0454709278472945, 1.177881938613109],
 [-0.29823285089274304, 0.864646895133604],
 [0.1406178100490201, 1.7092671498665506],
 [-1.813948072788581, 2.4825115256772308],
 [1.0795746999574125, 1.9703211441142703],
 [0.8435299869749062, 1.0617972159434867],
 [0.11694835395509412, 2.6456102698583024]]





